wpt 0 : x = 0.04, y = -0.13 
wpt 1 : x = -0.11, y = 0.14 
wpt 2 : x = -0.01, y = 0.17 
wpt 3 : x = 0.14, y = 0.16 
wpt 4 : x = -0.19, y = -0.14 
wpt 5 : x = 0.32, y = -0.01 
0.04;-0.13/0.30;-0.00;-3.13 
0.04;-0.13/0.30;-0.00;-3.13 
0.04;-0.13/0.30;-0.00;-3.13 
0.04;-0.13/0.30;-0.00;-3.03 
0.04;-0.13/0.29;-0.01;-2.90 
0.04;-0.13/0.29;-0.01;-2.78 
0.04;-0.13/0.29;-0.01;-2.66 
0.04;-0.13/0.28;-0.02;-2.54 
0.04;-0.13/0.28;-0.02;-2.44 
0.04;-0.13/0.28;-0.03;-2.30 
0.04;-0.13/0.28;-0.03;-2.17 
0.04;-0.13/0.27;-0.04;-2.08 
0.04;-0.13/0.27;-0.04;-2.07 
0.04;-0.13/0.27;-0.05;-2.12 
0.04;-0.13/0.26;-0.05;-2.20 
0.04;-0.13/0.26;-0.06;-2.24 
0.04;-0.13/0.26;-0.06;-2.22 
0.04;-0.13/0.25;-0.07;-2.16 
0.04;-0.13/0.25;-0.07;-2.11 
0.04;-0.13/0.25;-0.07;-2.11 
0.04;-0.13/0.24;-0.08;-2.19 
0.04;-0.13/0.24;-0.09;-2.27 
0.04;-0.13/0.23;-0.09;-2.30 
0.04;-0.13/0.23;-0.10;-2.31 
0.04;-0.13/0.23;-0.10;-2.27 
0.04;-0.13/0.22;-0.11;-2.25 
0.04;-0.13/0.22;-0.11;-2.26 
0.04;-0.13/0.21;-0.12;-2.31 
0.04;-0.13/0.21;-0.12;-2.36 
0.04;-0.13/0.21;-0.12;-2.40 
0.04;-0.13/0.20;-0.13;-2.42 
0.04;-0.13/0.20;-0.13;-2.43 
0.04;-0.13/0.19;-0.13;-2.42 
0.04;-0.13/0.19;-0.14;-2.44 
0.04;-0.13/0.18;-0.14;-2.47 
0.04;-0.13/0.18;-0.14;-2.53 
0.04;-0.13/0.17;-0.15;-2.56 
0.04;-0.13/0.17;-0.15;-2.56 
0.04;-0.13/0.16;-0.15;-2.59 
0.04;-0.13/0.15;-0.16;-2.60 
0.04;-0.13/0.15;-0.16;-2.62 
0.04;-0.13/0.14;-0.16;-2.66 
0.04;-0.13/0.14;-0.16;-2.72 
0.04;-0.13/0.13;-0.17;-2.77 
0.04;-0.13/0.13;-0.17;-2.80 
0.04;-0.13/0.12;-0.17;-2.83 
0.04;-0.13/0.11;-0.17;-2.84 
0.04;-0.13/0.11;-0.17;-2.86 
0.04;-0.13/0.10;-0.17;-2.91 
0.04;-0.13/0.10;-0.17;-2.96 
0.04;-0.13/0.09;-0.17;-3.04 
0.04;-0.13/0.08;-0.17;-3.10 
0.04;-0.13/0.08;-0.17;-3.14 
0.04;-0.13/0.07;-0.17;3.10 
0.04;-0.13/0.07;-0.17;3.06 
0.04;-0.13/0.06;-0.17;2.99 
0.04;-0.13/0.05;-0.16;2.89 
0.04;-0.13/0.05;-0.16;2.78 
0.04;-0.13/0.04;-0.16;2.67 
0.04;-0.13/0.04;-0.15;2.56 
0.04;-0.13/0.04;-0.15;2.47 
0.04;-0.13/0.03;-0.14;2.39 
0.04;-0.13/0.03;-0.14;2.32 
-0.11;0.14/0.03;-0.14;2.38 
-0.11;0.14/0.03;-0.14;2.38 
-0.11;0.14/0.03;-0.14;2.10 
-0.11;0.14/0.03;-0.13;2.20 
-0.11;0.14/0.03;-0.13;2.33 
-0.11;0.14/0.02;-0.13;2.48 
-0.11;0.14/0.02;-0.13;2.58 
-0.11;0.14/0.02;-0.13;2.73 
-0.11;0.14/0.01;-0.13;2.87 
-0.11;0.14/0.01;-0.13;3.00 
-0.11;0.14/-0.00;-0.13;3.09 
-0.11;0.14/-0.01;-0.13;2.99 
-0.11;0.14/-0.01;-0.13;2.88 
-0.11;0.14/-0.01;-0.13;2.77 
-0.11;0.14/-0.02;-0.12;2.65 
-0.11;0.14/-0.02;-0.12;2.57 
-0.11;0.14/-0.03;-0.11;2.54 
-0.11;0.14/-0.03;-0.11;2.56 
-0.11;0.14/-0.04;-0.11;2.59 
-0.11;0.14/-0.04;-0.10;2.58 
-0.11;0.14/-0.05;-0.10;2.55 
-0.11;0.14/-0.05;-0.10;2.48 
-0.11;0.14/-0.06;-0.09;2.43 
-0.11;0.14/-0.06;-0.09;2.41 
-0.11;0.14/-0.06;-0.08;2.42 
-0.11;0.14/-0.07;-0.08;2.45 
-0.11;0.14/-0.08;-0.07;2.46 
-0.11;0.14/-0.08;-0.07;2.44 
-0.11;0.14/-0.08;-0.07;2.39 
-0.11;0.14/-0.09;-0.06;2.35 
-0.11;0.14/-0.09;-0.06;2.32 
-0.11;0.14/-0.09;-0.05;2.32 
-0.11;0.14/-0.10;-0.05;2.32 
-0.11;0.14/-0.10;-0.04;2.32 
-0.11;0.14/-0.11;-0.04;2.30 
-0.11;0.14/-0.11;-0.03;2.26 
-0.11;0.14/-0.11;-0.03;2.22 
-0.11;0.14/-0.12;-0.03;2.19 
-0.11;0.14/-0.12;-0.02;2.18 
-0.11;0.14/-0.12;-0.01;2.18 
-0.11;0.14/-0.13;-0.01;2.18 
-0.11;0.14/-0.13;-0.00;2.15 
-0.11;0.14/-0.13;0.00;2.12 
-0.11;0.14/-0.14;0.01;2.07 
-0.11;0.14/-0.14;0.01;2.04 
-0.11;0.14/-0.14;0.02;2.02 
-0.11;0.14/-0.14;0.02;2.01 
-0.11;0.14/-0.15;0.03;2.00 
-0.11;0.14/-0.15;0.04;1.97 
-0.11;0.14/-0.15;0.04;1.94 
-0.11;0.14/-0.15;0.05;1.88 
-0.11;0.14/-0.15;0.05;1.83 
-0.11;0.14/-0.15;0.06;1.80 
-0.11;0.14/-0.15;0.07;1.79 
-0.11;0.14/-0.16;0.07;1.77 
-0.11;0.14/-0.16;0.08;1.73 
-0.11;0.14/-0.16;0.08;1.73 
-0.11;0.14/-0.16;0.09;1.65 
-0.11;0.14/-0.15;0.10;1.57 
-0.11;0.14/-0.15;0.10;1.57 
-0.11;0.14/-0.15;0.11;1.44 
-0.11;0.14/-0.15;0.12;1.42 
-0.11;0.14/-0.15;0.12;1.37 
-0.11;0.14/-0.15;0.12;1.32 
-0.11;0.14/-0.14;0.13;1.20 
-0.11;0.14/-0.14;0.13;1.10 
-0.11;0.14/-0.14;0.14;1.01 
-0.11;0.14/-0.13;0.14;0.95 
-0.11;0.14/-0.13;0.15;0.91 
-0.11;0.14/-0.12;0.15;0.86 
-0.11;0.14/-0.12;0.15;0.72 
-0.11;0.14/-0.11;0.15;0.59 
-0.11;0.14/-0.11;0.15;0.49 
-0.11;0.14/-0.11;0.15;0.35 
-0.01;0.17/-0.11;0.15;0.18 
-0.01;0.17/-0.11;0.14;-0.00 
-0.01;0.17/-0.11;0.14;-0.19 
-0.01;0.17/-0.11;0.14;-0.08 
-0.01;0.17/-0.10;0.14;0.03 
-0.01;0.17/-0.10;0.15;0.15 
-0.01;0.17/-0.09;0.15;0.26 
-0.01;0.17/-0.09;0.15;0.36 
-0.01;0.17/-0.08;0.15;0.50 
-0.01;0.17/-0.08;0.16;0.64 
-0.01;0.17/-0.08;0.17;0.77 
-0.01;0.17/-0.07;0.17;0.79 
-0.01;0.17/-0.07;0.17;0.72 
-0.01;0.17/-0.06;0.17;0.59 
-0.01;0.17/-0.06;0.17;0.46 
-0.01;0.17/-0.06;0.17;0.46 
-0.01;0.17/-0.04;0.18;0.43 
-0.01;0.17/-0.04;0.18;0.50 
-0.01;0.17/-0.03;0.19;0.52 
-0.01;0.17/-0.03;0.19;0.41 
-0.01;0.17/-0.03;0.19;0.30 
-0.01;0.17/-0.02;0.18;0.17 
-0.01;0.17/-0.01;0.18;0.04 
-0.01;0.17/-0.01;0.18;-0.09 
0.14;0.16/-0.00;0.18;-0.22 
0.14;0.16/0.00;0.17;-0.32 
0.14;0.16/0.00;0.17;-0.47 
0.14;0.16/0.01;0.17;-0.34 
0.14;0.16/0.01;0.17;-0.23 
0.14;0.16/0.02;0.17;-0.13 
0.14;0.16/0.02;0.17;-0.03 
0.14;0.16/0.03;0.18;0.09 
0.14;0.16/0.03;0.18;0.22 
0.14;0.16/0.04;0.18;0.35 
0.14;0.16/0.05;0.19;0.43 
0.14;0.16/0.05;0.19;0.43 
0.14;0.16/0.06;0.19;0.34 
0.14;0.16/0.06;0.19;0.23 
0.14;0.16/0.07;0.19;0.16 
0.14;0.16/0.07;0.19;0.16 
0.14;0.16/0.08;0.19;0.24 
0.14;0.16/0.08;0.19;0.24 
0.14;0.16/0.09;0.20;0.31 
0.14;0.16/0.10;0.20;0.21 
0.14;0.16/0.10;0.20;0.18 
0.14;0.16/0.11;0.20;0.05 
0.14;0.16/0.12;0.19;-0.02 
0.14;0.16/0.12;0.19;-0.12 
0.14;0.16/0.13;0.19;-0.19 
0.14;0.16/0.13;0.19;-0.30 
0.14;0.16/0.14;0.18;-0.36 
0.14;0.16/0.14;0.18;-0.36 
0.14;0.16/0.15;0.18;-0.56 
0.14;0.16/0.15;0.17;-0.67 
0.14;0.16/0.15;0.17;-0.81 
-0.19;-0.14/0.15;0.16;-0.96 
-0.19;-0.14/0.15;0.16;-1.08 
-0.19;-0.14/0.15;0.16;-1.21 
-0.19;-0.14/0.15;0.15;-1.24 
-0.19;-0.14/0.15;0.14;-1.35 
-0.19;-0.14/0.15;0.14;-1.45 
-0.19;-0.14/0.15;0.13;-1.57 
-0.19;-0.14/0.15;0.13;-1.70 
-0.19;-0.14/0.15;0.12;-1.81 
-0.19;-0.14/0.14;0.12;-1.88 
-0.19;-0.14/0.14;0.11;-1.89 
-0.19;-0.14/0.14;0.10;-1.87 
-0.19;-0.14/0.14;0.10;-1.75 
-0.19;-0.14/0.14;0.09;-1.63 
-0.19;-0.14/0.14;0.09;-1.51 
-0.19;-0.14/0.14;0.08;-1.46 
-0.19;-0.14/0.15;0.08;-1.44 
-0.19;-0.14/0.14;0.07;-1.56 
-0.19;-0.14/0.14;0.06;-1.67 
-0.19;-0.14/0.14;0.06;-1.78 
-0.19;-0.14/0.14;0.05;-1.88 
-0.19;-0.14/0.13;0.05;-1.97 
-0.19;-0.14/0.13;0.04;-2.01 
-0.19;-0.14/0.13;0.04;-2.02 
-0.19;-0.14/0.12;0.03;-2.00 
-0.19;-0.14/0.12;0.03;-2.00 
-0.19;-0.14/0.12;0.02;-1.89 
-0.19;-0.14/0.12;0.02;-1.78 
-0.19;-0.14/0.12;0.01;-1.82 
-0.19;-0.14/0.12;0.01;-1.95 
-0.19;-0.14/0.11;0.00;-2.07 
-0.19;-0.14/0.11;-0.00;-2.16 
-0.19;-0.14/0.10;-0.01;-2.16 
-0.19;-0.14/0.10;-0.02;-2.13 
-0.19;-0.14/0.10;-0.02;-2.08 
-0.19;-0.14/0.09;-0.03;-2.09 
-0.19;-0.14/0.09;-0.03;-2.13 
-0.19;-0.14/0.09;-0.03;-2.21 
-0.19;-0.14/0.08;-0.04;-2.28 
-0.19;-0.14/0.08;-0.04;-2.33 
-0.19;-0.14/0.07;-0.05;-2.30 
-0.19;-0.14/0.07;-0.05;-2.30 
-0.19;-0.14/0.07;-0.06;-2.19 
-0.19;-0.14/0.06;-0.06;-2.19 
-0.19;-0.14/0.06;-0.07;-2.17 
-0.19;-0.14/0.06;-0.07;-2.26 
-0.19;-0.14/0.05;-0.08;-2.31 
-0.19;-0.14/0.05;-0.08;-2.39 
-0.19;-0.14/0.05;-0.08;-2.39 
-0.19;-0.14/0.04;-0.09;-2.36 
-0.19;-0.14/0.03;-0.09;-2.29 
-0.19;-0.14/0.03;-0.10;-2.27 
-0.19;-0.14/0.03;-0.10;-2.30 
-0.19;-0.14/0.02;-0.11;-2.39 
-0.19;-0.14/0.01;-0.11;-2.47 
-0.19;-0.14/0.01;-0.11;-2.50 
-0.19;-0.14/0.01;-0.12;-2.46 
-0.19;-0.14/0.01;-0.12;-2.46 
-0.19;-0.14/0.00;-0.12;-2.41 
-0.19;-0.14/-0.01;-0.13;-2.42 
-0.19;-0.14/-0.01;-0.13;-2.42 
-0.19;-0.14/-0.02;-0.14;-2.50 
-0.19;-0.14/-0.02;-0.14;-2.55 
-0.19;-0.14/-0.03;-0.14;-2.60 
-0.19;-0.14/-0.03;-0.15;-2.59 
-0.19;-0.14/-0.04;-0.15;-2.58 
-0.19;-0.14/-0.04;-0.15;-2.58 
-0.19;-0.14/-0.05;-0.16;-2.58 
-0.19;-0.14/-0.05;-0.16;-2.62 
-0.19;-0.14/-0.06;-0.16;-2.64 
-0.19;-0.14/-0.06;-0.16;-2.70 
-0.19;-0.14/-0.07;-0.16;-2.72 
-0.19;-0.14/-0.08;-0.17;-2.74 
-0.19;-0.14/-0.08;-0.17;-2.74 
-0.19;-0.14/-0.09;-0.17;-2.77 
-0.19;-0.14/-0.09;-0.17;-2.79 
-0.19;-0.14/-0.10;-0.17;-2.85 
-0.19;-0.14/-0.11;-0.17;-2.88 
-0.19;-0.14/-0.11;-0.17;-2.94 
-0.19;-0.14/-0.12;-0.18;-2.95 
-0.19;-0.14/-0.12;-0.18;-2.98 
-0.19;-0.14/-0.13;-0.18;-2.98 
-0.19;-0.14/-0.14;-0.18;-3.05 
-0.19;-0.14/-0.14;-0.18;-3.09 
-0.19;-0.14/-0.15;-0.18;3.12 
-0.19;-0.14/-0.16;-0.17;3.06 
-0.19;-0.14/-0.16;-0.17;2.99 
-0.19;-0.14/-0.17;-0.17;2.97 
-0.19;-0.14/-0.17;-0.17;2.90 
-0.19;-0.14/-0.18;-0.17;2.85 
-0.19;-0.14/-0.18;-0.16;2.73 
-0.19;-0.14/-0.19;-0.16;2.59 
-0.19;-0.14/-0.19;-0.15;2.44 
0.32;-0.01/-0.19;-0.15;2.34 
0.32;-0.01/-0.19;-0.14;2.21 
0.32;-0.01/-0.19;-0.14;2.07 
0.32;-0.01/-0.19;-0.14;1.92 
0.32;-0.01/-0.19;-0.14;1.76 
0.32;-0.01/-0.19;-0.14;1.57 
0.32;-0.01/-0.18;-0.14;1.38 
0.32;-0.01/-0.18;-0.13;1.23 
0.32;-0.01/-0.18;-0.13;1.23 
0.32;-0.01/-0.17;-0.13;0.99 
0.32;-0.01/-0.17;-0.12;0.91 
0.32;-0.01/-0.16;-0.12;0.76 
0.32;-0.01/-0.15;-0.12;0.78 
0.32;-0.01/-0.15;-0.11;0.76 
0.32;-0.01/-0.15;-0.11;0.84 
0.32;-0.01/-0.15;-0.11;0.75 
0.32;-0.01/-0.15;-0.12;0.55 
0.32;-0.01/-0.16;-0.13;0.35 
0.32;-0.01/-0.16;-0.13;0.26 
0.32;-0.01/-0.16;-0.13;0.33 
0.32;-0.01/-0.16;-0.13;0.48 
0.32;-0.01/-0.15;-0.12;0.59 
0.32;-0.01/-0.15;-0.12;0.59 
0.32;-0.01/-0.15;-0.12;0.72 
0.32;-0.01/-0.14;-0.11;0.71 
0.32;-0.01/-0.14;-0.11;0.65 
0.32;-0.01/-0.15;-0.12;0.48 
0.32;-0.01/-0.16;-0.13;0.30 
0.32;-0.01/-0.16;-0.13;0.26 
0.32;-0.01/-0.16;-0.13;0.39 
0.32;-0.01/-0.15;-0.12;0.52 
0.32;-0.01/-0.15;-0.12;0.63 
0.32;-0.01/-0.15;-0.12;0.69 
0.32;-0.01/-0.14;-0.11;0.70 
0.32;-0.01/-0.14;-0.11;0.68 
0.32;-0.01/-0.13;-0.10;0.67 
0.32;-0.01/-0.14;-0.11;0.60 
0.32;-0.01/-0.14;-0.11;0.46 
0.32;-0.01/-0.15;-0.12;0.32 
0.32;-0.01/-0.15;-0.12;0.30 
0.32;-0.01/-0.15;-0.12;0.43 
0.32;-0.01/-0.14;-0.11;0.56 
0.32;-0.01/-0.14;-0.11;0.68 
0.32;-0.01/-0.14;-0.11;0.71 
0.32;-0.01/-0.13;-0.11;0.59 
0.32;-0.01/-0.13;-0.10;0.45 
0.32;-0.01/-0.13;-0.10;0.45 
0.32;-0.01/-0.14;-0.11;0.39 
0.32;-0.01/-0.15;-0.11;0.35 
0.32;-0.01/-0.14;-0.11;0.33 
0.32;-0.01/-0.14;-0.11;0.39 
0.32;-0.01/-0.13;-0.10;0.46 
0.32;-0.01/-0.13;-0.10;0.50 
0.32;-0.01/-0.13;-0.10;0.49 
0.32;-0.01/-0.12;-0.10;0.44 
0.32;-0.01/-0.12;-0.10;0.44 
0.32;-0.01/-0.13;-0.11;0.27 
0.32;-0.01/-0.12;-0.11;0.29 
0.32;-0.01/-0.12;-0.10;0.28 
0.32;-0.01/-0.12;-0.10;0.28 
0.32;-0.01/-0.11;-0.11;0.21 
0.32;-0.01/-0.12;-0.11;0.07 
0.32;-0.01/-0.12;-0.11;-0.06 
0.32;-0.01/-0.11;-0.11;-0.15 
0.32;-0.01/-0.11;-0.11;-0.05 
0.32;-0.01/-0.10;-0.11;0.07 
0.32;-0.01/-0.10;-0.11;0.19 
0.32;-0.01/-0.09;-0.11;0.30 
0.32;-0.01/-0.09;-0.10;0.40 
0.32;-0.01/-0.08;-0.10;0.33 
0.32;-0.01/-0.08;-0.10;0.20 
0.32;-0.01/-0.08;-0.10;0.06 
0.32;-0.01/-0.08;-0.11;-0.09 
0.32;-0.01/-0.07;-0.11;-0.03 
0.32;-0.01/-0.07;-0.11;-0.03 
0.32;-0.01/-0.07;-0.11;0.07 
0.32;-0.01/-0.06;-0.10;0.18 
0.32;-0.01/-0.05;-0.10;0.41 
0.32;-0.01/-0.05;-0.09;0.40 
0.32;-0.01/-0.04;-0.09;0.34 
0.32;-0.01/-0.04;-0.09;0.24 
0.32;-0.01/-0.03;-0.09;0.14 
0.32;-0.01/-0.02;-0.09;0.11 
0.32;-0.01/-0.02;-0.09;0.14 
0.32;-0.01/-0.01;-0.09;0.22 
0.32;-0.01/-0.00;-0.09;0.34 
0.32;-0.01/0.00;-0.08;0.46 
0.32;-0.01/0.01;-0.08;0.54 
0.32;-0.01/0.01;-0.07;0.64 
0.32;-0.01/0.02;-0.07;0.67 
0.32;-0.01/0.02;-0.06;0.70 
0.32;-0.01/0.03;-0.06;0.67 
0.32;-0.01/0.03;-0.05;0.66 
0.32;-0.01/0.04;-0.05;0.62 
0.32;-0.01/0.04;-0.05;0.65 
0.32;-0.01/0.05;-0.04;0.65 
0.32;-0.01/0.06;-0.04;0.68 
0.32;-0.01/0.06;-0.03;0.66 
0.32;-0.01/0.06;-0.03;0.65 
0.32;-0.01/0.07;-0.03;0.60 
0.32;-0.01/0.08;-0.02;0.58 
0.32;-0.01/0.08;-0.02;0.56 
0.32;-0.01/0.09;-0.02;0.58 
0.32;-0.01/0.09;-0.01;0.59 
0.32;-0.01/0.10;-0.01;0.59 
0.32;-0.01/0.10;-0.01;0.56 
0.32;-0.01/0.11;-0.00;0.53 
0.32;-0.01/0.11;-0.00;0.49 
0.32;-0.01/0.12;0.00;0.48 
0.32;-0.01/0.12;0.00;0.48 
0.32;-0.01/0.13;0.01;0.49 
0.32;-0.01/0.14;0.01;0.48 
0.32;-0.01/0.14;0.01;0.46 
0.32;-0.01/0.14;0.01;0.46 
0.32;-0.01/0.15;0.02;0.40 
0.32;-0.01/0.16;0.02;0.38 
0.32;-0.01/0.16;0.02;0.36 
0.32;-0.01/0.17;0.02;0.36 
0.32;-0.01/0.17;0.02;0.36 
0.32;-0.01/0.18;0.03;0.35 
0.32;-0.01/0.19;0.03;0.32 
0.32;-0.01/0.19;0.03;0.30 
0.32;-0.01/0.20;0.03;0.25 
0.32;-0.01/0.21;0.03;0.22 
0.32;-0.01/0.21;0.03;0.22 
0.32;-0.01/0.22;0.03;0.20 
0.32;-0.01/0.22;0.03;0.19 
0.32;-0.01/0.23;0.03;0.18 
0.32;-0.01/0.23;0.03;0.18 
0.32;-0.01/0.24;0.03;0.09 
0.32;-0.01/0.25;0.03;0.04 
0.32;-0.01/0.25;0.03;0.00 
0.32;-0.01/0.26;0.03;-0.00 
0.32;-0.01/0.27;0.03;-0.01 
0.32;-0.01/0.27;0.03;-0.03 
0.32;-0.01/0.28;0.03;-0.06 
0.32;-0.01/0.28;0.03;-0.13 
0.32;-0.01/0.29;0.03;-0.20 
0.32;-0.01/0.29;0.03;-0.28 
0.32;-0.01/0.30;0.02;-0.33 
0.32;-0.01/0.31;0.02;-0.37 
0.32;-0.01/0.31;0.02;-0.38 
0.32;-0.01/0.32;0.02;-0.47 
0.32;-0.01/0.32;0.01;-0.58 
0.32;-0.01/0.32;0.01;-0.69 
0.32;-0.01/0.32;0.00;-0.83 
