wpt 0 : x = 0.04, y = -0.13 
wpt 1 : x = -0.11, y = 0.14 
wpt 2 : x = -0.01, y = 0.17 
wpt 3 : x = 0.14, y = 0.16 
wpt 4 : x = -0.19, y = -0.14 
wpt 5 : x = 0.32, y = -0.01 
0.04;-0.13/0.34;0.02;-3.13 
0.04;-0.13/0.34;0.02;-3.13 
0.04;-0.13/0.33;0.02;-3.07 
0.04;-0.13/0.32;0.02;-2.98 
0.04;-0.13/0.31;0.02;-2.92 
0.04;-0.13/0.30;0.01;-2.90 
0.04;-0.13/0.29;0.01;-2.86 
0.04;-0.13/0.28;0.00;-2.82 
0.04;-0.13/0.27;0.00;-2.79 
0.04;-0.13/0.26;-0.00;-2.78 
0.04;-0.13/0.25;-0.01;-2.76 
0.04;-0.13/0.24;-0.01;-2.74 
0.04;-0.13/0.23;-0.02;-2.74 
0.04;-0.13/0.22;-0.02;-2.72 
0.04;-0.13/0.21;-0.03;-2.71 
0.04;-0.13/0.20;-0.03;-2.71 
0.04;-0.13/0.19;-0.04;-2.71 
0.04;-0.13/0.18;-0.04;-2.68 
0.04;-0.13/0.18;-0.04;-2.66 
0.04;-0.13/0.17;-0.05;-2.68 
0.04;-0.13/0.18;-0.05;-2.60 
0.04;-0.13/0.19;-0.04;-2.52 
0.04;-0.13/0.20;-0.04;-2.45 
0.04;-0.13/0.20;-0.04;-2.37 
0.04;-0.13/0.21;-0.03;-2.26 
0.04;-0.13/0.21;-0.03;-2.19 
0.04;-0.13/0.20;-0.04;-2.15 
0.04;-0.13/0.20;-0.05;-2.14 
0.04;-0.13/0.19;-0.06;-2.21 
0.04;-0.13/0.18;-0.07;-2.30 
0.04;-0.13/0.17;-0.07;-2.41 
0.04;-0.13/0.16;-0.08;-2.49 
0.04;-0.13/0.15;-0.08;-2.57 
0.04;-0.13/0.15;-0.08;-2.62 
0.04;-0.13/0.14;-0.09;-2.66 
0.04;-0.13/0.13;-0.09;-2.69 
0.04;-0.13/0.12;-0.09;-2.69 
0.04;-0.13/0.12;-0.10;-2.59 
0.04;-0.13/0.12;-0.10;-2.51 
0.04;-0.13/0.12;-0.10;-2.46 
0.04;-0.13/0.11;-0.11;-2.42 
0.04;-0.13/0.10;-0.11;-2.49 
0.04;-0.13/0.09;-0.12;-2.59 
0.04;-0.13/0.08;-0.12;-2.66 
0.04;-0.13/0.07;-0.12;-2.73 
0.04;-0.13/0.07;-0.13;-2.80 
0.04;-0.13/0.06;-0.13;-2.84 
0.04;-0.13/0.05;-0.13;-2.86 
0.04;-0.13/0.04;-0.13;-2.87 
-0.11;0.14/0.03;-0.13;-2.85 
-0.11;0.14/0.02;-0.14;-2.81 
-0.11;0.14/0.01;-0.14;-2.90 
-0.11;0.14/0.00;-0.14;-2.97 
-0.11;0.14/-0.01;-0.14;-3.04 
-0.11;0.14/-0.02;-0.14;-3.14 
-0.11;0.14/-0.03;-0.13;3.09 
-0.11;0.14/-0.04;-0.13;2.97 
-0.11;0.14/-0.05;-0.13;2.90 
-0.11;0.14/-0.06;-0.12;2.80 
-0.11;0.14/-0.07;-0.12;2.72 
-0.11;0.14/-0.08;-0.11;2.65 
-0.11;0.14/-0.09;-0.10;2.54 
-0.11;0.14/-0.09;-0.09;2.46 
-0.11;0.14/-0.10;-0.08;2.37 
-0.11;0.14/-0.11;-0.07;2.28 
-0.11;0.14/-0.11;-0.06;2.21 
-0.11;0.14/-0.12;-0.06;2.13 
-0.11;0.14/-0.12;-0.05;2.02 
-0.11;0.14/-0.12;-0.03;1.93 
-0.11;0.14/-0.12;-0.02;1.84 
-0.11;0.14/-0.12;-0.01;1.76 
-0.11;0.14/-0.12;-0.00;1.70 
-0.11;0.14/-0.12;0.01;1.64 
-0.11;0.14/-0.12;0.02;1.59 
-0.11;0.14/-0.12;0.03;1.53 
-0.11;0.14/-0.12;0.04;1.50 
-0.11;0.14/-0.12;0.05;1.48 
-0.11;0.14/-0.12;0.06;1.46 
-0.11;0.14/-0.12;0.07;1.47 
-0.11;0.14/-0.12;0.08;1.46 
-0.11;0.14/-0.11;0.09;1.44 
-0.11;0.14/-0.11;0.10;1.46 
-0.11;0.14/-0.11;0.10;1.46 
-0.11;0.14/-0.11;0.11;1.48 
-0.11;0.14/-0.11;0.12;1.46 
-0.11;0.14/-0.11;0.13;1.51 
-0.11;0.14/-0.11;0.14;1.63 
-0.01;0.17/-0.11;0.15;1.68 
-0.01;0.17/-0.12;0.16;1.75 
-0.01;0.17/-0.12;0.17;1.63 
-0.01;0.17/-0.11;0.17;1.55 
-0.01;0.17/-0.11;0.17;1.48 
-0.01;0.17/-0.11;0.17;1.43 
-0.01;0.17/-0.11;0.18;1.33 
-0.01;0.17/-0.10;0.19;1.23 
-0.01;0.17/-0.09;0.20;1.18 
-0.01;0.17/-0.09;0.21;1.08 
-0.01;0.17/-0.08;0.22;0.97 
-0.01;0.17/-0.07;0.22;0.89 
-0.01;0.17/-0.06;0.23;0.81 
-0.01;0.17/-0.06;0.23;0.71 
-0.01;0.17/-0.06;0.23;0.64 
-0.01;0.17/-0.06;0.23;0.55 
-0.01;0.17/-0.05;0.23;0.45 
-0.01;0.17/-0.04;0.23;0.37 
-0.01;0.17/-0.03;0.23;0.27 
-0.01;0.17/-0.01;0.23;0.19 
-0.01;0.17/-0.00;0.23;0.09 
-0.01;0.17/-0.00;0.23;0.01 
-0.01;0.17/-0.00;0.23;-0.09 
-0.01;0.17/-0.00;0.23;-0.09 
-0.01;0.17/-0.00;0.23;-0.09 
-0.01;0.17/-0.00;0.22;-0.37 
-0.01;0.17/-0.00;0.22;-0.48 
-0.01;0.17/0.00;0.21;-0.57 
-0.01;0.17/0.01;0.20;-0.67 
-0.01;0.17/0.02;0.19;-0.76 
-0.01;0.17/0.02;0.18;-0.87 
-0.01;0.17/0.02;0.18;-0.96 
-0.01;0.17/0.02;0.18;-1.06 
-0.01;0.17/0.02;0.18;-1.14 
-0.01;0.17/0.02;0.18;-1.19 
-0.01;0.17/0.01;0.19;-1.26 
-0.01;0.17/0.01;0.20;-1.33 
-0.01;0.17/0.01;0.21;-1.28 
-0.01;0.17/0.01;0.22;-1.22 
-0.01;0.17/0.01;0.21;-1.27 
-0.01;0.17/0.01;0.20;-1.34 
-0.01;0.17/0.01;0.19;-1.43 
-0.01;0.17/0.01;0.18;-1.52 
-0.01;0.17/0.00;0.17;-1.61 
-0.01;0.17/0.00;0.16;-1.68 
0.14;0.16/-0.00;0.15;-1.77 
0.14;0.16/-0.00;0.16;-1.79 
0.14;0.16/0.00;0.17;-1.73 
0.14;0.16/0.01;0.18;-1.63 
0.14;0.16/0.01;0.19;-1.55 
0.14;0.16/0.01;0.20;-1.47 
0.14;0.16/0.01;0.21;-1.38 
0.14;0.16/0.01;0.22;-1.30 
0.14;0.16/0.01;0.22;-1.25 
0.14;0.16/0.01;0.22;-1.22 
0.14;0.16/0.01;0.22;-1.22 
0.14;0.16/0.03;0.19;-1.06 
0.14;0.16/0.04;0.19;-0.99 
0.14;0.16/0.04;0.19;-0.83 
0.14;0.16/0.04;0.19;-0.77 
0.14;0.16/0.05;0.18;-0.73 
0.14;0.16/0.06;0.18;-0.65 
0.14;0.16/0.07;0.17;-0.56 
0.14;0.16/0.08;0.17;-0.46 
0.14;0.16/0.09;0.17;-0.40 
0.14;0.16/0.10;0.16;-0.34 
0.14;0.16/0.11;0.16;-0.28 
0.14;0.16/0.12;0.16;-0.23 
0.14;0.16/0.12;0.16;-0.16 
0.14;0.16/0.13;0.16;-0.08 
0.14;0.16/0.14;0.16;0.01 
-0.19;-0.14/0.15;0.16;0.08 
-0.19;-0.14/0.16;0.17;0.18 
-0.19;-0.14/0.16;0.16;0.07 
-0.19;-0.14/0.16;0.16;0.02 
-0.19;-0.14/0.16;0.16;-0.07 
-0.19;-0.14/0.16;0.16;-0.15 
-0.19;-0.14/0.16;0.16;-0.27 
-0.19;-0.14/0.16;0.15;-0.35 
-0.19;-0.14/0.16;0.15;-0.45 
-0.19;-0.14/0.16;0.15;-0.55 
-0.19;-0.14/0.16;0.15;-0.64 
-0.19;-0.14/0.16;0.15;-0.74 
-0.19;-0.14/0.16;0.14;-0.87 
-0.19;-0.14/0.15;0.14;-0.98 
-0.19;-0.14/0.15;0.14;-1.05 
-0.19;-0.14/0.15;0.13;-1.12 
-0.19;-0.14/0.16;0.12;-1.22 
-0.19;-0.14/0.16;0.11;-1.37 
-0.19;-0.14/0.16;0.10;-1.41 
-0.19;-0.14/0.15;0.09;-1.49 
-0.19;-0.14/0.15;0.08;-1.61 
-0.19;-0.14/0.15;0.07;-1.69 
-0.19;-0.14/0.15;0.06;-1.77 
-0.19;-0.14/0.14;0.04;-1.85 
-0.19;-0.14/0.14;0.03;-1.94 
-0.19;-0.14/0.13;0.03;-2.02 
-0.19;-0.14/0.13;0.02;-1.96 
-0.19;-0.14/0.13;0.02;-1.90 
-0.19;-0.14/0.13;0.01;-1.80 
-0.19;-0.14/0.13;0.02;-1.74 
-0.19;-0.14/0.14;0.03;-1.65 
-0.19;-0.14/0.14;0.04;-1.58 
-0.19;-0.14/0.14;0.05;-1.50 
-0.19;-0.14/0.14;0.04;-1.47 
-0.19;-0.14/0.14;0.03;-1.51 
-0.19;-0.14/0.14;0.02;-1.60 
-0.19;-0.14/0.14;0.01;-1.69 
-0.19;-0.14/0.13;0.00;-1.77 
-0.19;-0.14/0.13;-0.01;-1.85 
-0.19;-0.14/0.12;-0.02;-1.94 
-0.19;-0.14/0.12;-0.03;-2.01 
-0.19;-0.14/0.11;-0.03;-2.01 
-0.19;-0.14/0.11;-0.03;-1.98 
-0.19;-0.14/0.12;-0.03;-1.89 
-0.19;-0.14/0.12;-0.03;-1.81 
-0.19;-0.14/0.12;-0.02;-1.71 
-0.19;-0.14/0.13;-0.01;-1.63 
-0.19;-0.14/0.13;-0.02;-1.64 
-0.19;-0.14/0.12;-0.03;-1.72 
-0.19;-0.14/0.12;-0.03;-1.81 
-0.19;-0.14/0.11;-0.04;-1.88 
-0.19;-0.14/0.11;-0.05;-1.97 
-0.19;-0.14/0.10;-0.06;-2.04 
-0.19;-0.14/0.10;-0.07;-2.12 
-0.19;-0.14/0.09;-0.08;-2.22 
-0.19;-0.14/0.08;-0.09;-2.28 
-0.19;-0.14/0.07;-0.09;-2.32 
-0.19;-0.14/0.07;-0.10;-2.42 
-0.19;-0.14/0.05;-0.10;-2.48 
-0.19;-0.14/0.04;-0.11;-2.60 
-0.19;-0.14/0.03;-0.11;-2.67 
-0.19;-0.14/0.02;-0.12;-2.75 
-0.19;-0.14/0.01;-0.12;-2.83 
-0.19;-0.14/0.00;-0.12;-2.87 
-0.19;-0.14/-0.00;-0.12;-2.94 
-0.19;-0.14/-0.01;-0.12;-2.85 
-0.19;-0.14/-0.00;-0.12;-2.71 
-0.19;-0.14/-0.01;-0.13;-2.66 
-0.19;-0.14/-0.01;-0.13;-2.75 
-0.19;-0.14/-0.02;-0.13;-2.81 
-0.19;-0.14/-0.03;-0.13;-2.88 
-0.19;-0.14/-0.04;-0.13;-2.96 
-0.19;-0.14/-0.05;-0.13;-3.04 
-0.19;-0.14/-0.06;-0.13;-3.07 
-0.19;-0.14/-0.07;-0.13;-3.08 
-0.19;-0.14/-0.08;-0.13;-3.12 
-0.19;-0.14/-0.09;-0.13;-3.12 
-0.19;-0.14/-0.10;-0.13;-3.05 
-0.19;-0.14/-0.11;-0.13;-3.14 
-0.19;-0.14/-0.12;-0.13;-3.14 
-0.19;-0.14/-0.13;-0.13;-3.12 
-0.19;-0.14/-0.14;-0.13;-3.12 
-0.19;-0.14/-0.15;-0.13;-3.10 
-0.19;-0.14/-0.16;-0.13;-2.96 
-0.19;-0.14/-0.17;-0.13;-3.04 
-0.19;-0.14/-0.18;-0.14;-3.01 
-0.19;-0.14/-0.19;-0.14;-2.93 
0.32;-0.01/-0.19;-0.14;-2.85 
0.32;-0.01/-0.20;-0.15;-2.79 
0.32;-0.01/-0.20;-0.15;-2.70 
0.32;-0.01/-0.20;-0.15;-2.60 
0.32;-0.01/-0.20;-0.15;-2.51 
0.32;-0.01/-0.19;-0.15;-2.43 
0.32;-0.01/-0.19;-0.16;-2.24 
0.32;-0.01/-0.19;-0.16;-2.17 
0.32;-0.01/-0.19;-0.16;-2.09 
0.32;-0.01/-0.19;-0.16;-2.03 
0.32;-0.01/-0.19;-0.16;-1.93 
0.32;-0.01/-0.18;-0.16;-1.83 
0.32;-0.01/-0.18;-0.16;-1.74 
0.32;-0.01/-0.18;-0.16;-1.64 
0.32;-0.01/-0.18;-0.16;-1.54 
0.32;-0.01/-0.17;-0.16;-1.46 
0.32;-0.01/-0.17;-0.16;-1.38 
0.32;-0.01/-0.17;-0.16;-1.31 
0.32;-0.01/-0.17;-0.16;-1.26 
0.32;-0.01/-0.17;-0.15;-1.20 
0.32;-0.01/-0.17;-0.16;-1.19 
0.32;-0.01/-0.16;-0.16;-1.14 
0.32;-0.01/-0.16;-0.17;-1.07 
0.32;-0.01/-0.15;-0.18;-0.99 
0.32;-0.01/-0.14;-0.19;-0.91 
0.32;-0.01/-0.13;-0.19;-0.80 
0.32;-0.01/-0.12;-0.20;-0.70 
0.32;-0.01/-0.11;-0.20;-0.62 
0.32;-0.01/-0.10;-0.21;-0.52 
0.32;-0.01/-0.09;-0.21;-0.44 
0.32;-0.01/-0.08;-0.21;-0.36 
0.32;-0.01/-0.07;-0.21;-0.27 
0.32;-0.01/-0.06;-0.21;-0.19 
0.32;-0.01/-0.05;-0.21;-0.10 
0.32;-0.01/-0.04;-0.21;-0.00 
0.32;-0.01/-0.03;-0.21;0.08 
0.32;-0.01/-0.02;-0.21;0.17 
0.32;-0.01/-0.01;-0.20;0.21 
0.32;-0.01/-0.00;-0.20;0.23 
0.32;-0.01/0.01;-0.20;0.29 
0.32;-0.01/0.02;-0.19;0.32 
0.32;-0.01/0.03;-0.19;0.34 
0.32;-0.01/0.04;-0.19;0.34 
0.32;-0.01/0.05;-0.18;0.38 
0.32;-0.01/0.06;-0.18;0.40 
0.32;-0.01/0.07;-0.17;0.40 
0.32;-0.01/0.08;-0.17;0.42 
0.32;-0.01/0.09;-0.16;0.42 
0.32;-0.01/0.10;-0.16;0.43 
0.32;-0.01/0.11;-0.15;0.44 
0.32;-0.01/0.12;-0.15;0.45 
0.32;-0.01/0.13;-0.14;0.46 
0.32;-0.01/0.14;-0.14;0.46 
0.32;-0.01/0.15;-0.13;0.47 
0.32;-0.01/0.16;-0.13;0.50 
0.32;-0.01/0.17;-0.12;0.48 
0.32;-0.01/0.18;-0.12;0.49 
0.32;-0.01/0.19;-0.12;0.51 
0.32;-0.01/0.20;-0.11;0.51 
0.32;-0.01/0.20;-0.10;0.52 
0.32;-0.01/0.21;-0.10;0.53 
0.32;-0.01/0.22;-0.09;0.54 
0.32;-0.01/0.23;-0.09;0.55 
0.32;-0.01/0.24;-0.08;0.57 
0.32;-0.01/0.25;-0.08;0.58 
0.32;-0.01/0.25;-0.07;0.58 
0.32;-0.01/0.26;-0.07;0.61 
0.32;-0.01/0.27;-0.06;0.62 
0.32;-0.01/0.28;-0.05;0.64 
0.32;-0.01/0.28;-0.05;0.64 
0.32;-0.01/0.29;-0.04;0.67 
0.32;-0.01/0.30;-0.04;0.69 
0.32;-0.01/0.31;-0.03;0.71 
0.32;-0.01/0.31;-0.02;0.78 
0.32;-0.01/0.32;-0.02;0.83 
0.32;-0.01/0.32;-0.01;0.87 
