wpt 0 : x = 0.04, y = -0.13 
wpt 1 : x = -0.11, y = 0.14 
wpt 2 : x = -0.01, y = 0.17 
wpt 3 : x = 0.14, y = 0.16 
wpt 4 : x = -0.19, y = -0.14 
wpt 5 : x = 0.32, y = -0.01 
0.04;-0.13/0.31;-0.00;-3.13 
0.04;-0.13/0.31;-0.00;-3.13 
0.04;-0.13/0.31;-0.00;-3.13 
0.04;-0.13/0.30;-0.00;-3.03 
0.04;-0.13/0.30;-0.01;-2.89 
0.04;-0.13/0.29;-0.01;-2.77 
0.04;-0.13/0.29;-0.01;-2.71 
0.04;-0.13/0.28;-0.01;-2.71 
0.04;-0.13/0.28;-0.02;-2.76 
0.04;-0.13/0.27;-0.02;-2.78 
0.04;-0.13/0.27;-0.02;-2.77 
0.04;-0.13/0.26;-0.02;-2.72 
0.04;-0.13/0.26;-0.03;-2.67 
0.04;-0.13/0.25;-0.03;-2.65 
0.04;-0.13/0.24;-0.03;-2.66 
0.04;-0.13/0.24;-0.03;-2.69 
0.04;-0.13/0.23;-0.04;-2.72 
0.04;-0.13/0.23;-0.04;-2.73 
0.04;-0.13/0.22;-0.04;-2.71 
0.04;-0.13/0.22;-0.04;-2.68 
0.04;-0.13/0.21;-0.05;-2.66 
0.04;-0.13/0.21;-0.05;-2.67 
0.04;-0.13/0.20;-0.05;-2.68 
0.04;-0.13/0.20;-0.06;-2.71 
0.04;-0.13/0.19;-0.06;-2.71 
0.04;-0.13/0.18;-0.06;-2.70 
0.04;-0.13/0.18;-0.06;-2.68 
0.04;-0.13/0.17;-0.07;-2.67 
0.04;-0.13/0.17;-0.07;-2.66 
0.04;-0.13/0.16;-0.07;-2.68 
0.04;-0.13/0.16;-0.07;-2.69 
0.04;-0.13/0.15;-0.08;-2.70 
0.04;-0.13/0.14;-0.08;-2.69 
0.04;-0.13/0.14;-0.08;-2.68 
0.04;-0.13/0.13;-0.09;-2.67 
0.04;-0.13/0.13;-0.09;-2.67 
0.04;-0.13/0.12;-0.09;-2.68 
0.04;-0.13/0.11;-0.09;-2.69 
0.04;-0.13/0.11;-0.10;-2.70 
0.04;-0.13/0.10;-0.10;-2.70 
0.04;-0.13/0.10;-0.10;-2.68 
0.04;-0.13/0.09;-0.11;-2.67 
0.04;-0.13/0.09;-0.11;-2.67 
0.04;-0.13/0.08;-0.11;-2.68 
0.04;-0.13/0.08;-0.11;-2.69 
0.04;-0.13/0.07;-0.12;-2.71 
0.04;-0.13/0.06;-0.12;-2.70 
0.04;-0.13/0.06;-0.12;-2.69 
0.04;-0.13/0.05;-0.13;-2.66 
0.04;-0.13/0.05;-0.13;-2.65 
0.04;-0.13/0.04;-0.13;-2.65 
-0.11;0.14/0.03;-0.13;-2.70 
-0.11;0.14/0.03;-0.14;-2.75 
-0.11;0.14/0.02;-0.14;-2.87 
-0.11;0.14/0.02;-0.13;-2.97 
-0.11;0.14/0.01;-0.13;-3.08 
-0.11;0.14/0.01;-0.13;3.08 
-0.11;0.14/0.00;-0.13;2.95 
-0.11;0.14/-0.00;-0.12;2.82 
-0.11;0.14/-0.01;-0.12;2.69 
-0.11;0.14/-0.01;-0.12;2.55 
-0.11;0.14/-0.01;-0.11;2.43 
-0.11;0.14/-0.02;-0.11;2.30 
-0.11;0.14/-0.02;-0.10;2.20 
-0.11;0.14/-0.02;-0.10;2.07 
-0.11;0.14/-0.02;-0.09;1.99 
-0.11;0.14/-0.02;-0.08;2.11 
-0.11;0.14/-0.03;-0.08;2.25 
-0.11;0.14/-0.03;-0.08;2.41 
-0.11;0.14/-0.03;-0.08;2.50 
-0.11;0.14/-0.04;-0.08;2.50 
-0.11;0.14/-0.04;-0.07;2.45 
-0.11;0.14/-0.05;-0.07;2.32 
-0.11;0.14/-0.06;-0.05;2.20 
-0.11;0.14/-0.06;-0.05;2.08 
-0.11;0.14/-0.06;-0.04;2.00 
-0.11;0.14/-0.06;-0.03;1.90 
-0.11;0.14/-0.06;-0.03;1.87 
-0.11;0.14/-0.06;-0.02;1.85 
-0.11;0.14/-0.07;-0.01;1.89 
-0.11;0.14/-0.07;-0.01;1.89 
-0.11;0.14/-0.07;0.00;1.91 
-0.11;0.14/-0.07;0.01;1.87 
-0.11;0.14/-0.07;0.01;1.85 
-0.11;0.14/-0.07;0.02;1.81 
-0.11;0.14/-0.08;0.03;1.82 
-0.11;0.14/-0.08;0.03;1.82 
-0.11;0.14/-0.08;0.04;1.86 
-0.11;0.14/-0.08;0.04;1.85 
-0.11;0.14/-0.08;0.05;1.86 
-0.11;0.14/-0.08;0.05;1.84 
-0.11;0.14/-0.09;0.06;1.86 
-0.11;0.14/-0.09;0.07;1.86 
-0.11;0.14/-0.09;0.07;1.88 
-0.11;0.14/-0.09;0.08;1.87 
-0.11;0.14/-0.09;0.08;1.89 
-0.11;0.14/-0.10;0.09;1.87 
-0.11;0.14/-0.10;0.10;1.87 
-0.11;0.14/-0.10;0.10;1.86 
-0.11;0.14/-0.10;0.11;1.88 
-0.11;0.14/-0.10;0.12;1.88 
-0.11;0.14/-0.11;0.12;1.90 
-0.11;0.14/-0.11;0.13;1.89 
-0.11;0.14/-0.11;0.13;1.89 
-0.11;0.14/-0.11;0.14;1.86 
-0.01;0.17/-0.11;0.15;1.88 
-0.01;0.17/-0.11;0.15;1.88 
-0.01;0.17/-0.12;0.16;2.01 
-0.01;0.17/-0.12;0.16;1.91 
-0.01;0.17/-0.12;0.16;1.74 
-0.01;0.17/-0.11;0.16;1.55 
-0.01;0.17/-0.11;0.16;1.37 
-0.01;0.17/-0.10;0.16;1.21 
-0.01;0.17/-0.10;0.16;1.06 
-0.01;0.17/-0.10;0.16;0.96 
-0.01;0.17/-0.09;0.16;0.83 
-0.01;0.17/-0.08;0.17;0.68 
-0.01;0.17/-0.08;0.17;0.55 
-0.01;0.17/-0.07;0.17;0.44 
-0.01;0.17/-0.07;0.17;0.34 
-0.01;0.17/-0.06;0.17;0.19 
-0.01;0.17/-0.05;0.16;0.08 
-0.01;0.17/-0.05;0.16;0.02 
-0.01;0.17/-0.04;0.17;0.07 
-0.01;0.17/-0.04;0.17;0.15 
-0.01;0.17/-0.03;0.17;0.23 
-0.01;0.17/-0.02;0.17;0.21 
-0.01;0.17/-0.02;0.17;0.14 
-0.01;0.17/-0.01;0.17;0.01 
0.14;0.16/-0.01;0.17;-0.11 
0.14;0.16/-0.00;0.16;-0.15 
0.14;0.16/0.00;0.17;-0.07 
0.14;0.16/0.01;0.16;-0.11 
0.14;0.16/0.02;0.17;-0.05 
0.14;0.16/0.02;0.16;-0.06 
0.14;0.16/0.03;0.17;0.01 
0.14;0.16/0.04;0.16;-0.02 
0.14;0.16/0.04;0.17;0.01 
0.14;0.16/0.05;0.16;-0.05 
0.14;0.16/0.06;0.16;-0.03 
0.14;0.16/0.06;0.16;-0.05 
0.14;0.16/0.07;0.17;0.00 
0.14;0.16/0.08;0.16;-0.01 
0.14;0.16/0.08;0.17;0.01 
0.14;0.16/0.09;0.16;-0.04 
0.14;0.16/0.09;0.16;-0.04 
0.14;0.16/0.10;0.16;-0.07 
0.14;0.16/0.11;0.16;-0.02 
0.14;0.16/0.11;0.16;-0.01 
0.14;0.16/0.12;0.16;0.07 
0.14;0.16/0.13;0.17;0.05 
0.14;0.16/0.13;0.17;0.05 
-0.19;-0.14/0.14;0.16;-0.05 
-0.19;-0.14/0.14;0.16;-0.08 
-0.19;-0.14/0.15;0.16;-0.15 
-0.19;-0.14/0.15;0.16;-0.29 
-0.19;-0.14/0.15;0.16;-0.44 
-0.19;-0.14/0.15;0.16;-0.58 
-0.19;-0.14/0.15;0.16;-0.70 
-0.19;-0.14/0.15;0.16;-0.81 
-0.19;-0.14/0.16;0.16;-0.92 
-0.19;-0.14/0.16;0.16;-1.04 
-0.19;-0.14/0.15;0.16;-1.17 
-0.19;-0.14/0.15;0.16;-1.31 
-0.19;-0.14/0.15;0.15;-1.44 
-0.19;-0.14/0.15;0.15;-1.55 
-0.19;-0.14/0.15;0.14;-1.66 
-0.19;-0.14/0.15;0.14;-1.77 
-0.19;-0.14/0.14;0.13;-1.90 
-0.19;-0.14/0.14;0.13;-2.04 
-0.19;-0.14/0.13;0.13;-2.19 
-0.19;-0.14/0.13;0.12;-2.12 
-0.19;-0.14/0.13;0.11;-1.99 
-0.19;-0.14/0.13;0.12;-1.85 
-0.19;-0.14/0.14;0.12;-1.67 
-0.19;-0.14/0.14;0.12;-1.62 
-0.19;-0.14/0.13;0.11;-1.72 
-0.19;-0.14/0.13;0.11;-1.84 
-0.19;-0.14/0.13;0.11;-1.95 
-0.19;-0.14/0.12;0.10;-2.07 
-0.19;-0.14/0.12;0.10;-2.21 
-0.19;-0.14/0.12;0.09;-2.17 
-0.19;-0.14/0.11;0.09;-2.06 
-0.19;-0.14/0.11;0.08;-1.93 
-0.19;-0.14/0.11;0.08;-1.79 
-0.19;-0.14/0.12;0.08;-1.67 
-0.19;-0.14/0.11;0.08;-1.76 
-0.19;-0.14/0.11;0.07;-1.89 
-0.19;-0.14/0.11;0.07;-2.00 
-0.19;-0.14/0.10;0.07;-2.11 
-0.19;-0.14/0.10;0.06;-2.25 
-0.19;-0.14/0.09;0.06;-2.39 
-0.19;-0.14/0.09;0.06;-2.52 
-0.19;-0.14/0.08;0.05;-2.38 
-0.19;-0.14/0.08;0.05;-2.25 
-0.19;-0.14/0.08;0.05;-2.09 
-0.19;-0.14/0.09;0.05;-1.90 
-0.19;-0.14/0.10;0.06;-1.72 
-0.19;-0.14/0.10;0.05;-1.65 
-0.19;-0.14/0.09;0.05;-1.76 
-0.19;-0.14/0.09;0.04;-1.89 
-0.19;-0.14/0.09;0.04;-2.02 
-0.19;-0.14/0.08;0.03;-2.13 
-0.19;-0.14/0.07;0.03;-2.29 
-0.19;-0.14/0.07;0.02;-2.44 
-0.19;-0.14/0.06;0.02;-2.61 
-0.19;-0.14/0.05;0.02;-2.68 
-0.19;-0.14/0.05;0.01;-2.57 
-0.19;-0.14/0.04;0.01;-2.44 
-0.19;-0.14/0.04;0.00;-2.31 
-0.19;-0.14/0.04;-0.00;-2.17 
-0.19;-0.14/0.04;-0.01;-2.08 
-0.19;-0.14/0.04;-0.01;-2.07 
-0.19;-0.14/0.03;-0.02;-2.20 
-0.19;-0.14/0.02;-0.02;-2.33 
-0.19;-0.14/0.02;-0.03;-2.46 
-0.19;-0.14/0.01;-0.03;-2.56 
-0.19;-0.14/0.00;-0.03;-2.64 
-0.19;-0.14/-0.00;-0.04;-2.66 
-0.19;-0.14/-0.01;-0.04;-2.65 
-0.19;-0.14/-0.01;-0.04;-2.61 
-0.19;-0.14/-0.02;-0.05;-2.61 
-0.19;-0.14/-0.03;-0.05;-2.63 
-0.19;-0.14/-0.03;-0.05;-2.67 
-0.19;-0.14/-0.04;-0.05;-2.72 
-0.19;-0.14/-0.04;-0.06;-2.74 
-0.19;-0.14/-0.05;-0.06;-2.75 
-0.19;-0.14/-0.05;-0.06;-2.69 
-0.19;-0.14/-0.06;-0.07;-2.64 
-0.19;-0.14/-0.06;-0.07;-2.61 
-0.19;-0.14/-0.07;-0.07;-2.62 
-0.19;-0.14/-0.07;-0.07;-2.66 
-0.19;-0.14/-0.08;-0.08;-2.69 
-0.19;-0.14/-0.08;-0.08;-2.69 
-0.19;-0.14/-0.09;-0.08;-2.66 
-0.19;-0.14/-0.09;-0.09;-2.63 
-0.19;-0.14/-0.10;-0.09;-2.61 
-0.19;-0.14/-0.11;-0.09;-2.61 
-0.19;-0.14/-0.11;-0.09;-2.63 
-0.19;-0.14/-0.12;-0.10;-2.65 
-0.19;-0.14/-0.12;-0.10;-2.66 
-0.19;-0.14/-0.13;-0.10;-2.64 
-0.19;-0.14/-0.13;-0.11;-2.62 
-0.19;-0.14/-0.14;-0.11;-2.58 
-0.19;-0.14/-0.14;-0.11;-2.58 
-0.19;-0.14/-0.15;-0.12;-2.58 
-0.19;-0.14/-0.15;-0.12;-2.61 
-0.19;-0.14/-0.16;-0.12;-2.62 
-0.19;-0.14/-0.17;-0.13;-2.62 
-0.19;-0.14/-0.17;-0.13;-2.58 
-0.19;-0.14/-0.17;-0.13;-2.53 
-0.19;-0.14/-0.18;-0.14;-2.47 
-0.19;-0.14/-0.18;-0.14;-2.48 
0.32;-0.01/-0.19;-0.15;-2.50 
0.32;-0.01/-0.19;-0.15;-2.61 
0.32;-0.01/-0.20;-0.15;-2.74 
0.32;-0.01/-0.20;-0.15;-2.64 
0.32;-0.01/-0.20;-0.15;-2.51 
0.32;-0.01/-0.21;-0.15;-2.38 
0.32;-0.01/-0.21;-0.15;-2.26 
0.32;-0.01/-0.21;-0.14;-2.13 
0.32;-0.01/-0.21;-0.14;-1.98 
0.32;-0.01/-0.20;-0.14;-1.83 
0.32;-0.01/-0.20;-0.14;-1.67 
0.32;-0.01/-0.20;-0.14;-1.48 
0.32;-0.01/-0.19;-0.14;-1.31 
0.32;-0.01/-0.19;-0.14;-1.17 
0.32;-0.01/-0.19;-0.14;-1.01 
0.32;-0.01/-0.19;-0.15;-0.88 
0.32;-0.01/-0.18;-0.15;-0.75 
0.32;-0.01/-0.18;-0.15;-0.64 
0.32;-0.01/-0.17;-0.15;-0.52 
0.32;-0.01/-0.16;-0.15;-0.40 
0.32;-0.01/-0.16;-0.15;-0.27 
0.32;-0.01/-0.15;-0.15;-0.15 
0.32;-0.01/-0.15;-0.15;-0.02 
0.32;-0.01/-0.14;-0.15;0.10 
0.32;-0.01/-0.13;-0.15;0.18 
0.32;-0.01/-0.13;-0.15;0.21 
0.32;-0.01/-0.12;-0.14;0.21 
0.32;-0.01/-0.12;-0.14;0.20 
0.32;-0.01/-0.11;-0.14;0.21 
0.32;-0.01/-0.10;-0.14;0.24 
0.32;-0.01/-0.10;-0.14;0.26 
0.32;-0.01/-0.09;-0.14;0.28 
0.32;-0.01/-0.09;-0.13;0.28 
0.32;-0.01/-0.08;-0.13;0.27 
0.32;-0.01/-0.07;-0.13;0.26 
0.32;-0.01/-0.07;-0.13;0.26 
0.32;-0.01/-0.06;-0.13;0.27 
0.32;-0.01/-0.05;-0.13;0.29 
0.32;-0.01/-0.05;-0.12;0.29 
0.32;-0.01/-0.04;-0.12;0.29 
0.32;-0.01/-0.04;-0.12;0.28 
0.32;-0.01/-0.03;-0.12;0.27 
0.32;-0.01/-0.02;-0.12;0.27 
0.32;-0.01/-0.02;-0.11;0.28 
0.32;-0.01/-0.01;-0.11;0.29 
0.32;-0.01/-0.01;-0.11;0.30 
0.32;-0.01/0.00;-0.11;0.30 
0.32;-0.01/0.01;-0.11;0.29 
0.32;-0.01/0.01;-0.11;0.28 
0.32;-0.01/0.02;-0.10;0.28 
0.32;-0.01/0.02;-0.10;0.28 
0.32;-0.01/0.03;-0.10;0.29 
0.32;-0.01/0.04;-0.10;0.30 
0.32;-0.01/0.04;-0.10;0.30 
0.32;-0.01/0.05;-0.09;0.30 
0.32;-0.01/0.06;-0.09;0.29 
0.32;-0.01/0.06;-0.09;0.28 
0.32;-0.01/0.07;-0.09;0.28 
0.32;-0.01/0.07;-0.09;0.29 
0.32;-0.01/0.08;-0.09;0.30 
0.32;-0.01/0.09;-0.08;0.30 
0.32;-0.01/0.09;-0.08;0.30 
0.32;-0.01/0.10;-0.08;0.30 
0.32;-0.01/0.11;-0.08;0.29 
0.32;-0.01/0.11;-0.08;0.29 
0.32;-0.01/0.12;-0.07;0.29 
0.32;-0.01/0.12;-0.07;0.30 
0.32;-0.01/0.13;-0.07;0.31 
0.32;-0.01/0.14;-0.07;0.31 
0.32;-0.01/0.14;-0.07;0.30 
0.32;-0.01/0.15;-0.06;0.30 
0.32;-0.01/0.16;-0.06;0.29 
0.32;-0.01/0.16;-0.06;0.30 
0.32;-0.01/0.17;-0.06;0.30 
0.32;-0.01/0.17;-0.06;0.31 
0.32;-0.01/0.18;-0.05;0.31 
0.32;-0.01/0.19;-0.05;0.31 
0.32;-0.01/0.19;-0.05;0.30 
0.32;-0.01/0.20;-0.05;0.30 
0.32;-0.01/0.20;-0.05;0.30 
0.32;-0.01/0.21;-0.04;0.31 
0.32;-0.01/0.22;-0.04;0.31 
0.32;-0.01/0.22;-0.04;0.32 
0.32;-0.01/0.23;-0.04;0.32 
0.32;-0.01/0.24;-0.04;0.31 
0.32;-0.01/0.24;-0.03;0.31 
0.32;-0.01/0.25;-0.03;0.31 
0.32;-0.01/0.25;-0.03;0.31 
0.32;-0.01/0.26;-0.03;0.32 
0.32;-0.01/0.27;-0.03;0.33 
0.32;-0.01/0.27;-0.02;0.33 
0.32;-0.01/0.28;-0.02;0.33 
0.32;-0.01/0.29;-0.02;0.32 
0.32;-0.01/0.29;-0.02;0.32 
0.32;-0.01/0.30;-0.02;0.32 
0.32;-0.01/0.30;-0.01;0.34 
0.32;-0.01/0.31;-0.01;0.36 
0.32;-0.01/0.32;-0.01;0.37 
